1 4032
2 1912
3 1048
4 647
5 444
6 327
7 236
8 212
9 178
10 133
11 89
12 85
13 53
14 44
15 43
16 41
17 35
18 24
19 14
20 20
21 26
22 21
23 22
24 19
25 18
26 17
27 11
28 16
29 11
30 10
31 12
32 7
33 5
34 6
35 9
36 14
37 8
38 2
39 9
40 3
41 4
42 3
43 8
44 3
45 2
46 7
47 5
48 1
49 3
50 3
51 3
52 3
53 1
54 4
55 1
56 5
57 5
58 5
60 4
61 5
62 2
65 2
66 1
67 2
68 1
69 2
70 1
71 1
72 2
78 2
79 2
81 1
84 2
86 1
88 1
89 1
90 1
92 1
93 1
106 2
107 1
110 1
111 1
113 1
115 1
121 1
123 1
127 1
130 1
131 1
132 1
137 1
139 1
142 1
147 1
151 1
165 1
169 1
171 1
173 1
184 1
189 1
195 1
196 1
202 1
231 1
261 1
279 1
296 1
428 1
493 1
519 1
563 1
